34499
34472
34438
34433
34333
34306
34305
34251
34249
34248
34205
34140
34111
34071
34068
33938
33237
33196
33089
33088
33068
33013
33012
32893
32878
32875
32870
32868
32770
32748
32747
32745
32451
32166
32030
32024
31974
31973
31717
31617
31580
31529
31528
31525
31524
31516
31515
31511
31500
31480
31479
31471
31461
31414
31401
31398
31397
31392
31313
31304
31226
30998
30978
30954
30759
30706
30703
30632
29789
29772
29741
29739
29633
28400
28371
28367
28155
28032
28003
27948
27947
27909
27885
27865
27811
27802
27758
27626
27602
27444
27423
27352
27351
27330
27329
27328
27310
27281
27267
27259
27258
27251
27173
27144
27076
27074
27071
27070
27068
27067
27065
27056
27055
27054
27053
27036
27024
27017
27010
26999
26998
26870
26869
26795
26733
26732
26704
26673
26664
26661
26660
26659
26655
26645
26641
26637
26619
26598
26586
26548
26547
26491
26366
26362
26357
26347
26327
26324
26313
26312
26109
26105
26102
26064
26011
26010
26009
26008
26007
26006
26005
26004
25998
25990
25989
25988
25978
25973
25972
25968
25967
25888
25885
25817
25798
25778
25761
25754
25729
25696
25589
25517
25491
25478
25465
25461
25454
25448
25447
25442
25438
25437
25436
25435
25434
25433
25241
25227
24986
24937
24721
24712
24711
24710
24709
24681
24598
24519
24495
24459
24453
24362
24186
24142
24122
24121
24068
24014
24013
23966
23929
23928
23924
23916
23889
23866
23865
23858
23849
23823
23810
23790
23774
23770
23750
23720
23705
23696
23685
23680
23676
23597
23593
23567
23566
23545
23476
23389
23363
23293
23289
23275
23271
23270
23269
23268
23266
23241
23237
23235
23231
23226
23223
23212
23208
23204
23200
23150
23149
23124
23123
23122
23075
23042
22942
22916
22841
22580
22533
22532
22531
22427
21906
21568
21562
21544
21470
21467
21465
21456
21425
21417
21406
21405
21376
21356
21354
21353
21349
21344
21341
21339
21338
21334
21329
21324
21321
21288
21278
21274
21261
21251
21233
21227
21187
21159
21155
21112
21104
21100
21098
21091
21089
21088
21083
21082
21075
21069
21062
21003
20993
20986
20982
20981
20970
20969
20949
20902
20867
20866
20855
20854
20853
20846
20843
20836
20824
20774
20757
20729
20713
20626
20602
20598
20597
20558
20540
20529
20507
20506
20502
20494
20489
20487
20483
20474
20465
20450
20448
20426
20340
20335
20326
20325
20315
20305
20297
20275
20262
20258
20236
20235
20234
20232
20230
20225
20221
20220
20219
20218
20217
20216
20210
20207
20205
20199
20197
20194
20188
20185
20178
20176
20175
20169
20166
20162
20132
20131
20130
20096
20092
20075
20067
20039
20038
20035
20028
20006
20005
19996
19982
19981
19980
19978
19977
19973
19965
19963
19962
19953
19946
19943
19940
19939
19938
19936
19935
19934
19933
19928
19926
19925
19922
19921
19920
19912
19909
19906
19905
19904
19902
19893
19887
19885
19884
19883
19882
19880
19879
19878
19877
19872
19871
19870
19867
19866
19863
19861
19859
19856
19855
19854
19853
19848
19845
19843
19842
19841
19840
19838
19836
19832
19830
19829
19823
19822
19821
19808
19807
19806
19800
19799
19798
19795
19789
19788
19785
19782
19778
19772
